101010100
100010101
101000101
111010101
101010111
010100110
101011101
101010001
111101111
101010101
101010101
001001110
001010101
111011111
101010111
101010101
011100100
001010101
100111010
001010101
101010100
010101010
001100111
000110101
101110101
000001110
110011101
101111111
101010101
101000101
101010101
000001011
100010101
101110101
111101100
010011000
101110101
010101101
101010100
101010001
101011001
101010111
101001001
111011100
101000101
001010101
101010100
101011101
101010111
111011010
101110101
111000011
100010101
101111111
000000001
111000011
001100111
101010001
010110010
101110101
101010100
101110101
011011010
101011101
101110101
100010101
101010111
010000000
101011101
000011010
101011101
100010101
111111101
110101111
001100101
111010101
101100011
111010101
001111110
110110110
001010101
001010101
111101011
101000101
101110111
011010010
010100111
010011001
010101111
100111000
001010101
010110000
110011110
001110100
011010111
111011110
101011101
000000000
111010101
101010101
001010101
100011011
001011010
101111101
101101010
101110101
001010101
111101011
010111001
101010100
101010101
100000010
000101000
101010111
101110101
110100010
001010101
001010100
101010111
100010101
101110101
101010100
000101011
101001001
101000101
100011001
100000010
101010111
110000001
101010111
101110001
001010101
101100011
100001100
101010100
110111101
101000101
001010101
111010101
111011011
100110111
101010110
011110001
111010101
001101011
101000101
100100011
000100010
000011111
010011101
100101110
010001110
100010101
101011101
010110000
101110001
101010001
101110010
111010101
010010000
110001000
101010001
101010111
001010101
110010011
101110101
001100101
010100100
100010100
000110111
101010100
100101110
111001011
101010101
101011101
101010100
011100101
010011110
101110101
101011101
000101010
101000101
001111010
000101001
101000101
001001001
100010101
101000111
000011001
101000101
101110101
101111000
100010010
001111111
101010011
101111000
100000001
101111000
101010111
111010101
101011101
001010101
001010101
101010101
001010101
000010010
110011010
001010101
010011100
000000101
101000101
000010110
001111110
101010111
001100100
110111001
101111001
100010101
010001010
010010011
110011001
101010001
000100101
101010101
100100000
101001110
110010101
101110101
101010100
111100010
010001000
001011010
101010001
010010010
001010101
000101111
101000101
101010111
101011101
000001010
100110111
001010101
101010101
101110101
101001011
001010101
100010101
100010101
100010101
101000101
000101001
111110101
010111110
001010100
111100100
101010100
011101010
101001101
011111110
100010101
100100110
101110101
000110000
101010001
101100000
101000111
101010001
010001111
101000101
101000110
101010101
111111011
011010101
110101101
000111011
000111010
001010111
110010100
101110110
000101111
101110101
101110101
100001110
101010100
000110000
001000001
110000010
001110110
111101011
010101001
101110101
000100000
010001001
101000101
111010101
101010001
110100111
101000101
101010100
101010100
100001111
100001100
101010111
000010111
111010101
011101010
111010101
100011010
001111001
000101111
100010101
101010100
101010001
101010101
101111101
101010101
101100011
110011101
100000010
101100010
111010101
000101001
111010101
100110101
100111101
110110100
001111000
101010111
101011001
101110101
011101001
101010001
100010100
111010101
010001110
010111101
100010101
100000100
000010110
101010001
001001011
101010100
010111000
001010101
101110101
101010100
110000001
111001000
101000101
100000111
101010001
101010001
101011101
101010001
100000111
100010101
010000101
001101111
101100111
101000101
111010101
110010110
101110101
010011101
001010101
100010101
111011000
101010001
101000101
001000100
101011101
011010000
110111101
111010101
000010001
100101111
010111111
001010101
101010111
101000101
000110110
001010101
100011111
101010111
110001111
101010100
010011001
001011010
100110000
101010111
101000000
101010100
101011101
011100001
001110001
011001001
100010010
011010010
110000001
110001010
001010101
101110101
100000110
101010001
100010101
110101101
001000000
101011101
110011110
111010101
101010100
000000011
101000101
101010101
100011101
001000110
101010111
000001001
001011000
101010100
101000101
101110101
001111001
000101100
001101001
111111100
101011010
010101110
101110101
000101001
101010101
000010100
110101011
111010101
100010101
100010101
111111101
001010101
011011111
110100101
101110101
011100111
101010100
111100100
010011100
010110000
100011111
101010110
101100010
100101101
101101100
111111100
001010101
010001110
001010100
101010001
001000110
111000011
110111101
101011101
